56 1730248681 1,200000 -1,000000 -101,000000 0,000000 0,000000
56 1730248682 1,200000 -1,000000 -101,000000 0,000000 0,000000
56 1730248683 1,200000 -1,000000 -101,000000 0,000000 0,000000
56 1730248684 1,200000 -1,000000 -101,000000 0,000000 0,000000
56 1730248685 1,200000 -1,000000 -101,000000 0,000000 0,000000
56 1730248686 1,200000 -1,000000 -101,000000 0,000000 0,000000
56 1730248687 1,200000 -1,000000 -101,000000 0,000000 0,000000
56 1730248688 1,200000 -1,000000 -101,000000 0,000000 0,000000
76 1730248691 0,800000 -1,000000 -101,000000 0,000000 0,000000
76 1730248692 0,800000 -1,000000 -101,000000 0,000000 0,000000
76 1730248693 0,800000 -1,000000 -101,000000 0,000000 0,000000
56 1730248689 1,200000 -1,000000 -101,000000 0,000000 0,000000
56 1730248690 1,200000 -1,000000 -101,000000 0,000000 0,000000
56 1730248691 1,200000 -1,000000 -101,000000 0,000000 0,000000
56 1730248692 1,200000 -1,000000 -101,000000 0,000000 0,000000
56 1730248693 1,200000 -1,000000 -101,000000 0,000000 0,000000
56 1730248694 1,200000 -1,000000 -101,000000 0,000000 0,000000
56 1730248695 1,200000 -1,000000 -101,000000 0,000000 0,000000
56 1730248696 1,600000 -1,000000 -101,000000 0,000000 0,000000
56 1730248697 1,600000 -1,000000 -101,000000 0,000000 0,000000
56 1730248698 1,600000 -1,000000 -101,000000 0,000000 0,000000
76 1730248694 0,800000 -1,000000 -101,000000 0,000000 0,000000
76 1730248695 0,800000 -1,000000 -101,000000 0,000000 0,000000
76 1730248696 1,200000 -1,000000 -101,000000 0,000000 0,000000
76 1730248697 1,200000 -1,000000 -101,000000 0,000000 0,000000
76 1730248698 1,200000 -1,000000 -101,000000 0,000000 0,000000
56 1730248699 1,600000 -1,000000 -101,000000 0,000000 0,000000
56 1730248700 1,600000 -1,000000 -101,000000 0,000000 0,000000
56 1730248701 1,400000 -1,000000 -101,000000 0,000000 0,000000
56 1730248702 1,400000 -1,000000 -101,000000 0,000000 0,000000
56 1730248703 1,400000 -1,000000 -101,000000 0,000000 0,000000
76 1730248699 1,200000 -1,000000 -101,000000 0,000000 0,000000
76 1730248700 1,200000 -1,000000 -101,000000 0,000000 0,000000
76 1730248701 0,200000 -1,000000 -101,000000 0,000000 0,000000
76 1730248702 0,200000 -1,000000 -101,000000 0,000000 0,000000
76 1730248703 0,200000 -1,000000 -101,000000 0,000000 0,000000
56 1730248704 1,400000 -1,000000 -101,000000 0,000000 0,000000
56 1730248705 1,400000 -1,000000 -101,000000 0,000000 0,000000
56 1730248706 2,200000 -1,000000 -101,000000 0,000000 0,000000
56 1730248707 2,200000 -1,000000 -101,000000 0,000000 0,000000
56 1730248708 2,200000 -1,000000 -101,000000 0,000000 0,000000
76 1730248704 0,200000 -1,000000 -101,000000 0,000000 0,000000
76 1730248705 0,200000 -1,000000 -101,000000 0,000000 0,000000
76 1730248706 1,000000 -1,000000 -101,000000 0,000000 0,000000
76 1730248707 1,000000 -1,000000 -101,000000 0,000000 0,000000
76 1730248708 1,000000 -1,000000 -101,000000 0,000000 0,000000
76 1730248709 1,000000 -1,000000 -101,000000 0,000000 0,000000
76 1730248710 1,000000 -1,000000 -101,000000 0,000000 0,000000
76 1730248711 2,400000 -1,000000 -101,000000 0,000000 0,000000
76 1730248712 2,400000 -1,000000 -101,000000 0,000000 0,000000
76 1730248713 2,400000 -1,000000 -101,000000 0,000000 0,000000
56 1730248709 2,200000 -1,000000 -101,000000 0,000000 0,000000
56 1730248710 2,200000 -1,000000 -101,000000 0,000000 0,000000
56 1730248711 2,200000 -1,000000 -101,000000 0,000000 0,000000
56 1730248712 2,200000 -1,000000 -101,000000 0,000000 0,000000
56 1730248713 2,200000 -1,000000 -101,000000 0,000000 0,000000
56 1730248714 2,200000 -1,000000 -101,000000 0,000000 0,000000
56 1730248715 2,200000 -1,000000 -101,000000 0,000000 0,000000
56 1730248716 1,600000 -1,000000 -101,000000 0,000000 0,000000
56 1730248717 1,600000 -1,000000 -101,000000 0,000000 0,000000
56 1730248718 1,600000 -1,000000 -101,000000 0,000000 0,000000
56 1730248719 1,600000 -1,000000 -101,000000 0,000000 0,000000
56 1730248720 1,600000 -1,000000 -101,000000 0,000000 0,000000
56 1730248721 2,400000 -1,000000 -101,000000 0,000000 0,000000
56 1730248722 2,400000 -1,000000 -101,000000 0,000000 0,000000
56 1730248723 2,400000 -1,000000 -101,000000 0,000000 0,000000
76 1730248714 2,400000 -1,000000 -101,000000 0,000000 0,000000
76 1730248715 2,400000 -1,000000 -101,000000 0,000000 0,000000
76 1730248716 1,200000 -1,000000 -101,000000 0,000000 0,000000
76 1730248717 1,200000 -1,000000 -101,000000 0,000000 0,000000
76 1730248718 1,200000 -1,000000 -101,000000 0,000000 0,000000
76 1730248719 1,200000 -1,000000 -101,000000 0,000000 0,000000
76 1730248720 1,200000 -1,000000 -101,000000 0,000000 0,000000
76 1730248721 0,800000 -1,000000 -101,000000 0,000000 0,000000
76 1730248722 0,800000 -1,000000 -101,000000 0,000000 0,000000
76 1730248723 0,800000 -1,000000 -101,000000 0,000000 0,000000
56 1730248724 2,400000 -1,000000 -101,000000 0,000000 0,000000
56 1730248725 2,400000 -1,000000 -101,000000 0,000000 0,000000
56 1730248726 1,600000 -1,000000 -101,000000 0,000000 0,000000
56 1730248727 1,600000 -1,000000 -101,000000 0,000000 0,000000
56 1730248728 1,600000 -1,000000 -101,000000 0,000000 0,000000
76 1730248724 0,800000 -1,000000 -101,000000 0,000000 0,000000
76 1730248725 0,800000 -1,000000 -101,000000 0,000000 0,000000
76 1730248726 0,200000 -1,000000 -101,000000 0,000000 0,000000
76 1730248727 0,200000 -1,000000 -101,000000 0,000000 0,000000
76 1730248728 0,200000 -1,000000 -101,000000 0,000000 0,000000
56 1730248729 1,600000 -1,000000 -101,000000 0,000000 0,000000
56 1730248730 1,600000 -1,000000 -101,000000 0,000000 0,000000
56 1730248731 0,400000 -1,000000 -101,000000 0,000000 0,000000
56 1730248732 0,400000 -1,000000 -101,000000 0,000000 0,000000
56 1730248733 0,400000 -1,000000 -101,000000 0,000000 0,000000
76 1730248729 0,200000 -1,000000 -101,000000 0,000000 0,000000
76 1730248730 0,200000 -1,000000 -101,000000 0,000000 0,000000
76 1730248731 1,800000 -1,000000 -101,000000 0,000000 0,000000
76 1730248732 1,800000 -1,000000 -101,000000 0,000000 0,000000
76 1730248733 1,800000 -1,000000 -101,000000 0,000000 0,000000
56 1730248734 0,400000 -1,000000 -101,000000 0,000000 0,000000
56 1730248735 0,400000 -1,000000 -101,000000 0,000000 0,000000
56 1730248736 0,400000 -1,000000 -101,000000 0,000000 0,000000
56 1730248737 0,400000 -1,000000 -101,000000 0,000000 0,000000
56 1730248738 0,400000 -1,000000 -101,000000 0,000000 0,000000
76 1730248734 1,800000 -1,000000 -101,000000 0,000000 0,000000
76 1730248735 1,800000 -1,000000 -101,000000 0,000000 0,000000
76 1730248736 1,200000 -1,000000 -101,000000 0,000000 0,000000
76 1730248737 1,200000 -1,000000 -101,000000 0,000000 0,000000
76 1730248738 1,200000 -1,000000 -101,000000 0,000000 0,000000
56 1730248739 0,400000 -1,000000 -101,000000 0,000000 0,000000
56 1730248740 0,400000 -1,000000 -101,000000 0,000000 0,000000
56 1730248741 2,600000 -1,000000 -101,000000 0,000000 0,000000
56 1730248742 2,600000 -1,000000 -101,000000 0,000000 0,000000
56 1730248743 2,600000 -1,000000 -101,000000 0,000000 0,000000
76 1730248739 1,200000 -1,000000 -101,000000 0,000000 0,000000
76 1730248740 1,200000 -1,000000 -101,000000 0,000000 0,000000
76 1730248741 1,200000 -1,000000 -101,000000 0,000000 0,000000
76 1730248742 1,200000 -1,000000 -101,000000 0,000000 0,000000
76 1730248743 1,200000 -1,000000 -101,000000 0,000000 0,000000
56 1730248744 2,600000 -1,000000 -101,000000 0,000000 0,000000
56 1730248745 2,600000 -1,000000 -101,000000 0,000000 0,000000
56 1730248746 2,400000 -1,000000 -101,000000 0,000000 0,000000
56 1730248747 2,400000 -1,000000 -101,000000 0,000000 0,000000
56 1730248748 2,400000 -1,000000 -101,000000 0,000000 0,000000
76 1730248744 1,200000 -1,000000 -101,000000 0,000000 0,000000
76 1730248745 1,200000 -1,000000 -101,000000 0,000000 0,000000
76 1730248746 2,400000 -1,000000 -101,000000 0,000000 0,000000
76 1730248747 2,400000 -1,000000 -101,000000 0,000000 0,000000
76 1730248748 2,400000 -1,000000 -101,000000 0,000000 0,000000
56 1730248749 2,400000 -1,000000 -101,000000 0,000000 0,000000
56 1730248750 2,400000 -1,000000 -101,000000 0,000000 0,000000
56 1730248756 1,200000 -1,000000 -101,000000 0,000000 0,000000
56 1730248757 1,200000 -1,000000 -101,000000 0,000000 0,000000
56 1730248758 1,200000 -1,000000 -101,000000 0,000000 0,000000
76 1730248749 2,400000 -1,000000 -101,000000 0,000000 0,000000
76 1730248750 2,400000 -1,000000 -101,000000 0,000000 0,000000
76 1730248751 0,600000 -1,000000 -101,000000 0,000000 0,000000
76 1730248752 0,600000 -1,000000 -101,000000 0,000000 0,000000
76 1730248753 0,600000 -1,000000 -101,000000 0,000000 0,000000
76 1730248754 0,600000 -1,000000 -101,000000 0,000000 0,000000
76 1730248755 0,600000 -1,000000 -101,000000 0,000000 0,000000
76 1730248756 1,400000 -1,000000 -101,000000 0,000000 0,000000
76 1730248757 1,400000 -1,000000 -101,000000 0,000000 0,000000
76 1730248758 1,400000 -1,000000 -101,000000 0,000000 0,000000
56 1730248759 1,200000 -1,000000 -101,000000 0,000000 0,000000
56 1730248760 1,200000 -1,000000 -101,000000 0,000000 0,000000
56 1730248761 1,600000 -1,000000 -101,000000 0,000000 0,000000
56 1730248762 1,600000 -1,000000 -101,000000 0,000000 0,000000
56 1730248763 1,600000 -1,000000 -101,000000 0,000000 0,000000
76 1730248759 1,400000 -1,000000 -101,000000 0,000000 0,000000
76 1730248760 1,400000 -1,000000 -101,000000 0,000000 0,000000
76 1730248761 0,800000 -1,000000 -101,000000 0,000000 0,000000
76 1730248762 0,800000 -1,000000 -101,000000 0,000000 0,000000
76 1730248763 0,800000 -1,000000 -101,000000 0,000000 0,000000
56 1730248764 1,600000 -1,000000 -101,000000 0,000000 0,000000
56 1730248765 1,600000 -1,000000 -101,000000 0,000000 0,000000
56 1730248766 1,400000 -1,000000 -101,000000 0,000000 0,000000
56 1730248767 1,400000 -1,000000 -101,000000 0,000000 0,000000
56 1730248768 1,400000 -1,000000 -101,000000 0,000000 0,000000
76 1730248764 0,800000 -1,000000 -101,000000 0,000000 0,000000
76 1730248765 0,800000 -1,000000 -101,000000 0,000000 0,000000
76 1730248766 1,600000 -1,000000 -101,000000 0,000000 0,000000
76 1730248767 1,600000 -1,000000 -101,000000 0,000000 0,000000
76 1730248768 1,600000 -1,000000 -101,000000 0,000000 0,000000
56 1730248769 1,400000 -1,000000 -101,000000 0,000000 0,000000
56 1730248770 1,400000 -1,000000 -101,000000 0,000000 0,000000
76 1730248769 1,600000 -1,000000 -101,000000 0,000000 0,000000
76 1730248770 1,600000 -1,000000 -101,000000 0,000000 0,000000
76 1730248771 1,000000 -1,000000 -101,000000 0,000000 0,000000
76 1730248772 1,000000 -1,000000 -101,000000 0,000000 0,000000
76 1730248773 1,000000 -1,000000 -101,000000 0,000000 0,000000
76 1730248774 1,000000 -1,000000 -101,000000 0,000000 0,000000
76 1730248775 1,000000 -1,000000 -101,000000 0,000000 0,000000
56 1730248781 1,600000 -1,000000 -101,000000 0,000000 0,000000
56 1730248782 1,600000 -1,000000 -101,000000 0,000000 0,000000
56 1730248783 1,600000 -1,000000 -101,000000 0,000000 0,000000
76 1730248781 0,600000 -1,000000 -101,000000 0,000000 0,000000
76 1730248782 0,600000 -1,000000 -101,000000 0,000000 0,000000
76 1730248783 0,600000 -1,000000 -101,000000 0,000000 0,000000
56 1730248784 1,600000 -1,000000 -101,000000 0,000000 0,000000
56 1730248785 1,600000 -1,000000 -101,000000 0,000000 0,000000
56 1730248786 2,000000 -1,000000 -101,000000 0,000000 0,000000
56 1730248787 2,000000 -1,000000 -101,000000 0,000000 0,000000
56 1730248788 2,000000 -1,000000 -101,000000 0,000000 0,000000
76 1730248784 0,600000 -1,000000 -101,000000 0,000000 0,000000
76 1730248785 0,600000 -1,000000 -101,000000 0,000000 0,000000
76 1730248786 2,200000 -1,000000 -101,000000 0,000000 0,000000
76 1730248787 2,200000 -1,000000 -101,000000 0,000000 0,000000
76 1730248788 2,200000 -1,000000 -101,000000 0,000000 0,000000
56 1730248789 2,000000 -1,000000 -101,000000 0,000000 0,000000
56 1730248790 2,000000 -1,000000 -101,000000 0,000000 0,000000
56 1730248791 1,200000 -1,000000 -101,000000 0,000000 0,000000
56 1730248792 1,200000 -1,000000 -101,000000 0,000000 0,000000
56 1730248793 1,200000 -1,000000 -101,000000 0,000000 0,000000
76 1730248789 2,200000 -1,000000 -101,000000 0,000000 0,000000
76 1730248790 2,200000 -1,000000 -101,000000 0,000000 0,000000
76 1730248791 1,800000 -1,000000 -101,000000 0,000000 0,000000
76 1730248792 1,800000 -1,000000 -101,000000 0,000000 0,000000
76 1730248793 1,800000 -1,000000 -101,000000 0,000000 0,000000
56 1730248794 1,200000 -1,000000 -101,000000 0,000000 0,000000
56 1730248795 1,200000 -1,000000 -101,000000 0,000000 0,000000
56 1730248796 1,200000 -1,000000 -101,000000 0,000000 0,000000
56 1730248797 1,200000 -1,000000 -101,000000 0,000000 0,000000
56 1730248798 1,200000 -1,000000 -101,000000 0,000000 0,000000
76 1730248794 1,800000 -1,000000 -101,000000 0,000000 0,000000
76 1730248795 1,800000 -1,000000 -101,000000 0,000000 0,000000
76 1730248796 1,400000 -1,000000 -101,000000 0,000000 0,000000
76 1730248797 1,400000 -1,000000 -101,000000 0,000000 0,000000
76 1730248798 1,400000 -1,000000 -101,000000 0,000000 0,000000
56 1730248799 1,200000 -1,000000 -101,000000 0,000000 0,000000
56 1730248800 1,200000 -1,000000 -101,000000 0,000000 0,000000
56 1730248801 1,800000 -1,000000 -101,000000 0,000000 0,000000
56 1730248802 1,800000 -1,000000 -101,000000 0,000000 0,000000
56 1730248803 1,800000 -1,000000 -101,000000 0,000000 0,000000
76 1730248799 1,400000 -1,000000 -101,000000 0,000000 0,000000
76 1730248800 1,400000 -1,000000 -101,000000 0,000000 0,000000
76 1730248801 2,400000 -1,000000 -101,000000 0,000000 0,000000
76 1730248802 2,400000 -1,000000 -101,000000 0,000000 0,000000
76 1730248803 2,400000 -1,000000 -101,000000 0,000000 0,000000
56 1730248804 1,800000 -1,000000 -101,000000 0,000000 0,000000
56 1730248805 1,800000 -1,000000 -101,000000 0,000000 0,000000
56 1730248806 3,200000 -1,000000 -101,000000 0,000000 0,000000
56 1730248807 3,200000 -1,000000 -101,000000 0,000000 0,000000
56 1730248808 3,200000 -1,000000 -101,000000 0,000000 0,000000
76 1730248804 2,400000 -1,000000 -101,000000 0,000000 0,000000
76 1730248805 2,400000 -1,000000 -101,000000 0,000000 0,000000
76 1730248806 1,400000 -1,000000 -101,000000 0,000000 0,000000
76 1730248807 1,400000 -1,000000 -101,000000 0,000000 0,000000
76 1730248808 1,400000 -1,000000 -101,000000 0,000000 0,000000
56 1730248809 3,200000 -1,000000 -101,000000 0,000000 0,000000
56 1730248810 3,200000 -1,000000 -101,000000 0,000000 0,000000
76 1730248809 1,400000 -1,000000 -101,000000 0,000000 0,000000
76 1730248810 1,400000 -1,000000 -101,000000 0,000000 0,000000
56 1730248816 0,200000 -1,000000 -101,000000 0,000000 0,000000
56 1730248817 0,200000 -1,000000 -101,000000 0,000000 0,000000
56 1730248818 0,200000 -1,000000 -101,000000 0,000000 0,000000
76 1730248816 1,800000 -1,000000 -101,000000 0,000000 0,000000
76 1730248817 1,800000 -1,000000 -101,000000 0,000000 0,000000
76 1730248818 1,800000 -1,000000 -101,000000 0,000000 0,000000
56 1730248819 0,200000 -1,000000 -101,000000 0,000000 0,000000
56 1730248820 0,200000 -1,000000 -101,000000 0,000000 0,000000
56 1730248821 1,800000 -1,000000 -101,000000 0,000000 0,000000
56 1730248822 1,800000 -1,000000 -101,000000 0,000000 0,000000
56 1730248823 1,800000 -1,000000 -101,000000 0,000000 0,000000
56 1730248824 1,800000 -1,000000 -101,000000 0,000000 0,000000
56 1730248825 1,800000 -1,000000 -101,000000 0,000000 0,000000
56 1730248826 3,000000 -1,000000 -101,000000 0,000000 0,000000
56 1730248827 3,000000 -1,000000 -101,000000 0,000000 0,000000
56 1730248828 3,000000 -1,000000 -101,000000 0,000000 0,000000
76 1730248819 1,800000 -1,000000 -101,000000 0,000000 0,000000
76 1730248820 1,800000 -1,000000 -101,000000 0,000000 0,000000
76 1730248821 2,600000 -1,000000 -101,000000 0,000000 0,000000
76 1730248822 2,600000 -1,000000 -101,000000 0,000000 0,000000
76 1730248823 2,600000 -1,000000 -101,000000 0,000000 0,000000
76 1730248824 2,600000 -1,000000 -101,000000 0,000000 0,000000
76 1730248825 2,600000 -1,000000 -101,000000 0,000000 0,000000
76 1730248826 1,400000 -1,000000 -101,000000 0,000000 0,000000
76 1730248827 1,400000 -1,000000 -101,000000 0,000000 0,000000
76 1730248828 1,400000 -1,000000 -101,000000 0,000000 0,000000
56 1730248829 3,000000 -1,000000 -101,000000 0,000000 0,000000
56 1730248830 3,000000 -1,000000 -101,000000 0,000000 0,000000
56 1730248831 1,000000 -1,000000 -101,000000 0,000000 0,000000
56 1730248832 1,000000 -1,000000 -101,000000 0,000000 0,000000
56 1730248833 1,000000 -1,000000 -101,000000 0,000000 0,000000
56 1730248834 1,000000 -1,000000 -101,000000 0,000000 0,000000
56 1730248835 1,000000 -1,000000 -101,000000 0,000000 0,000000
56 1730248836 0,200000 -1,000000 -101,000000 0,000000 0,000000
56 1730248837 0,200000 -1,000000 -101,000000 0,000000 0,000000
56 1730248838 0,200000 -1,000000 -101,000000 0,000000 0,000000
76 1730248829 1,400000 -1,000000 -101,000000 0,000000 0,000000
76 1730248830 1,400000 -1,000000 -101,000000 0,000000 0,000000
76 1730248831 0,600000 -1,000000 -101,000000 0,000000 0,000000
76 1730248832 0,600000 -1,000000 -101,000000 0,000000 0,000000
76 1730248833 0,600000 -1,000000 -101,000000 0,000000 0,000000
76 1730248834 0,600000 -1,000000 -101,000000 0,000000 0,000000
76 1730248835 0,600000 -1,000000 -101,000000 0,000000 0,000000
76 1730248836 2,200000 -1,000000 -101,000000 0,000000 0,000000
76 1730248837 2,200000 -1,000000 -101,000000 0,000000 0,000000
76 1730248838 2,200000 -1,000000 -101,000000 0,000000 0,000000
56 1730248839 0,200000 -1,000000 -101,000000 0,000000 0,000000
56 1730248840 0,200000 -1,000000 -101,000000 0,000000 0,000000
56 1730248841 1,400000 -1,000000 -101,000000 0,000000 0,000000
56 1730248842 1,400000 -1,000000 -101,000000 0,000000 0,000000
56 1730248843 1,400000 -1,000000 -101,000000 0,000000 0,000000
76 1730248839 2,200000 -1,000000 -101,000000 0,000000 0,000000
76 1730248840 2,200000 -1,000000 -101,000000 0,000000 0,000000
76 1730248841 0,400000 -1,000000 -101,000000 0,000000 0,000000
76 1730248842 0,400000 -1,000000 -101,000000 0,000000 0,000000
76 1730248843 0,400000 -1,000000 -101,000000 0,000000 0,000000
56 1730248844 1,400000 -1,000000 -101,000000 0,000000 0,000000
56 1730248845 1,400000 -1,000000 -101,000000 0,000000 0,000000
56 1730248846 1,800000 -1,000000 -101,000000 0,000000 0,000000
56 1730248847 1,800000 -1,000000 -101,000000 0,000000 0,000000
56 1730248848 1,800000 -1,000000 -101,000000 0,000000 0,000000
76 1730248844 0,400000 -1,000000 -101,000000 0,000000 0,000000
76 1730248845 0,400000 -1,000000 -101,000000 0,000000 0,000000
76 1730248846 0,600000 -1,000000 -101,000000 0,000000 0,000000
76 1730248847 0,600000 -1,000000 -101,000000 0,000000 0,000000
76 1730248848 0,600000 -1,000000 -101,000000 0,000000 0,000000
56 1730248849 1,800000 -1,000000 -101,000000 0,000000 0,000000
56 1730248850 1,800000 -1,000000 -101,000000 0,000000 0,000000
56 1730248851 0,200000 -1,000000 -101,000000 0,000000 0,000000
56 1730248852 0,200000 -1,000000 -101,000000 0,000000 0,000000
56 1730248853 0,200000 -1,000000 -101,000000 0,000000 0,000000
76 1730248849 0,600000 -1,000000 -101,000000 0,000000 0,000000
76 1730248850 0,600000 -1,000000 -101,000000 0,000000 0,000000
76 1730248851 0,800000 -1,000000 -101,000000 0,000000 0,000000
76 1730248852 0,800000 -1,000000 -101,000000 0,000000 0,000000
76 1730248853 0,800000 -1,000000 -101,000000 0,000000 0,000000
56 1730248854 0,200000 -1,000000 -101,000000 0,000000 0,000000
56 1730248855 0,200000 -1,000000 -101,000000 0,000000 0,000000
56 1730248856 1,400000 -1,000000 -101,000000 0,000000 0,000000
56 1730248857 1,400000 -1,000000 -101,000000 0,000000 0,000000
56 1730248858 1,400000 -1,000000 -101,000000 0,000000 0,000000
76 1730248854 0,800000 -1,000000 -101,000000 0,000000 0,000000
76 1730248855 0,800000 -1,000000 -101,000000 0,000000 0,000000
76 1730248856 2,000000 -1,000000 -101,000000 0,000000 0,000000
76 1730248857 2,000000 -1,000000 -101,000000 0,000000 0,000000
76 1730248858 2,000000 -1,000000 -101,000000 0,000000 0,000000
56 1730248859 1,400000 -1,000000 -101,000000 0,000000 0,000000
56 1730248860 1,400000 -1,000000 -101,000000 0,000000 0,000000
56 1730248861 1,000000 -1,000000 -101,000000 0,000000 0,000000
56 1730248862 1,000000 -1,000000 -101,000000 0,000000 0,000000
56 1730248863 1,000000 -1,000000 -101,000000 0,000000 0,000000
76 1730248859 2,000000 -1,000000 -101,000000 0,000000 0,000000
76 1730248860 2,000000 -1,000000 -101,000000 0,000000 0,000000
76 1730248861 1,200000 -1,000000 -101,000000 0,000000 0,000000
76 1730248862 1,200000 -1,000000 -101,000000 0,000000 0,000000
76 1730248863 1,200000 -1,000000 -101,000000 0,000000 0,000000
56 1730248864 1,000000 -1,000000 -101,000000 0,000000 0,000000
56 1730248865 1,000000 -1,000000 -101,000000 0,000000 0,000000
56 1730248866 1,400000 -1,000000 -101,000000 0,000000 0,000000
56 1730248867 1,400000 -1,000000 -101,000000 0,000000 0,000000
56 1730248868 1,400000 -1,000000 -101,000000 0,000000 0,000000
76 1730248864 1,200000 -1,000000 -101,000000 0,000000 0,000000
76 1730248865 1,200000 -1,000000 -101,000000 0,000000 0,000000
76 1730248866 0,800000 -1,000000 -101,000000 0,000000 0,000000
76 1730248867 0,800000 -1,000000 -101,000000 0,000000 0,000000
76 1730248868 0,800000 -1,000000 -101,000000 0,000000 0,000000
56 1730248869 1,400000 -1,000000 -101,000000 0,000000 0,000000
56 1730248870 1,400000 -1,000000 -101,000000 0,000000 0,000000
56 1730248871 1,000000 -1,000000 -101,000000 0,000000 0,000000
56 1730248872 1,000000 -1,000000 -101,000000 0,000000 0,000000
56 1730248873 1,000000 -1,000000 -101,000000 0,000000 0,000000
76 1730248869 0,800000 -1,000000 -101,000000 0,000000 0,000000
76 1730248870 0,800000 -1,000000 -101,000000 0,000000 0,000000
76 1730248871 0,400000 -1,000000 -101,000000 0,000000 0,000000
76 1730248872 0,400000 -1,000000 -101,000000 0,000000 0,000000
76 1730248873 0,400000 -1,000000 -101,000000 0,000000 0,000000
56 1730248874 1,000000 -1,000000 -101,000000 0,000000 0,000000
56 1730248875 1,000000 -1,000000 -101,000000 0,000000 0,000000
56 1730248876 0,800000 -1,000000 -101,000000 0,000000 0,000000
56 1730248877 0,800000 -1,000000 -101,000000 0,000000 0,000000
56 1730248878 0,800000 -1,000000 -101,000000 0,000000 0,000000
76 1730248874 0,400000 -1,000000 -101,000000 0,000000 0,000000
76 1730248875 0,400000 -1,000000 -101,000000 0,000000 0,000000
76 1730248876 1,800000 -1,000000 -101,000000 0,000000 0,000000
76 1730248877 1,800000 -1,000000 -101,000000 0,000000 0,000000
76 1730248878 1,800000 -1,000000 -101,000000 0,000000 0,000000
56 1730248879 0,800000 -1,000000 -101,000000 0,000000 0,000000
56 1730248880 0,800000 -1,000000 -101,000000 0,000000 0,000000
76 1730248879 1,800000 -1,000000 -101,000000 0,000000 0,000000
76 1730248880 1,800000 -1,000000 -101,000000 0,000000 0,000000
56 1730248886 4,000000 -1,000000 -101,000000 0,000000 0,000000
56 1730248887 4,000000 -1,000000 -101,000000 0,000000 0,000000
56 1730248888 4,000000 -1,000000 -101,000000 0,000000 0,000000
76 1730248886 2,400000 -1,000000 -101,000000 0,000000 0,000000
76 1730248887 2,400000 -1,000000 -101,000000 0,000000 0,000000
76 1730248888 2,400000 -1,000000 -101,000000 0,000000 0,000000
56 1730248889 4,000000 -1,000000 -101,000000 0,000000 0,000000
56 1730248890 4,000000 -1,000000 -101,000000 0,000000 0,000000
76 1730248889 2,400000 -1,000000 -101,000000 0,000000 0,000000
76 1730248890 2,400000 -1,000000 -101,000000 0,000000 0,000000
76 1730248896 2,800000 -1,000000 -101,000000 0,000000 0,000000
76 1730248897 2,800000 -1,000000 -101,000000 0,000000 0,000000
76 1730248898 2,800000 -1,000000 -101,000000 0,000000 0,000000
56 1730248896 2,000000 -1,000000 -101,000000 0,000000 0,000000
56 1730248897 2,000000 -1,000000 -101,000000 0,000000 0,000000
56 1730248898 2,000000 -1,000000 -101,000000 0,000000 0,000000
56 1730248899 2,000000 -1,000000 -101,000000 0,000000 0,000000
56 1730248900 2,000000 -1,000000 -101,000000 0,000000 0,000000
56 1730248901 0,800000 -1,000000 -101,000000 0,000000 0,000000
56 1730248902 0,800000 -1,000000 -101,000000 0,000000 0,000000
56 1730248903 0,800000 -1,000000 -101,000000 0,000000 0,000000
56 1730248904 0,800000 -1,000000 -101,000000 0,000000 0,000000
56 1730248905 0,800000 -1,000000 -101,000000 0,000000 0,000000
56 1730248906 3,600000 -1,000000 -101,000000 0,000000 0,000000
56 1730248907 3,600000 -1,000000 -101,000000 0,000000 0,000000
56 1730248908 3,600000 -1,000000 -101,000000 0,000000 0,000000
76 1730248899 2,800000 -1,000000 -101,000000 0,000000 0,000000
76 1730248900 2,800000 -1,000000 -101,000000 0,000000 0,000000
76 1730248901 2,400000 -1,000000 -101,000000 0,000000 0,000000
76 1730248902 2,400000 -1,000000 -101,000000 0,000000 0,000000
76 1730248903 2,400000 -1,000000 -101,000000 0,000000 0,000000
76 1730248904 2,400000 -1,000000 -101,000000 0,000000 0,000000
76 1730248905 2,400000 -1,000000 -101,000000 0,000000 0,000000
76 1730248906 2,200000 -1,000000 -101,000000 0,000000 0,000000
76 1730248907 2,200000 -1,000000 -101,000000 0,000000 0,000000
76 1730248908 2,200000 -1,000000 -101,000000 0,000000 0,000000
56 1730248909 3,600000 -1,000000 -101,000000 0,000000 0,000000
56 1730248910 3,600000 -1,000000 -101,000000 0,000000 0,000000
56 1730248911 0,800000 -1,000000 -101,000000 0,000000 0,000000
56 1730248912 0,800000 -1,000000 -101,000000 0,000000 0,000000
56 1730248913 0,800000 -1,000000 -101,000000 0,000000 0,000000
76 1730248909 2,200000 -1,000000 -101,000000 0,000000 0,000000
76 1730248910 2,200000 -1,000000 -101,000000 0,000000 0,000000
76 1730248911 0,800000 -1,000000 -101,000000 0,000000 0,000000
76 1730248912 0,800000 -1,000000 -101,000000 0,000000 0,000000
76 1730248913 0,800000 -1,000000 -101,000000 0,000000 0,000000
76 1730248914 0,800000 -1,000000 -101,000000 0,000000 0,000000
76 1730248915 0,800000 -1,000000 -101,000000 0,000000 0,000000
76 1730248916 1,800000 -1,000000 -101,000000 0,000000 0,000000
76 1730248917 1,800000 -1,000000 -101,000000 0,000000 0,000000
76 1730248918 1,800000 -1,000000 -101,000000 0,000000 0,000000
56 1730248914 0,800000 -1,000000 -101,000000 0,000000 0,000000
56 1730248915 0,800000 -1,000000 -101,000000 0,000000 0,000000
56 1730248916 1,200000 -1,000000 -101,000000 0,000000 0,000000
56 1730248917 1,200000 -1,000000 -101,000000 0,000000 0,000000
56 1730248918 1,200000 -1,000000 -101,000000 0,000000 0,000000
56 1730248919 1,200000 -1,000000 -101,000000 0,000000 0,000000
56 1730248920 1,200000 -1,000000 -101,000000 0,000000 0,000000
56 1730248921 0,200000 -1,000000 -101,000000 0,000000 0,000000
56 1730248922 0,200000 -1,000000 -101,000000 0,000000 0,000000
56 1730248923 0,200000 -1,000000 -101,000000 0,000000 0,000000
76 1730248919 1,800000 -1,000000 -101,000000 0,000000 0,000000
76 1730248920 1,800000 -1,000000 -101,000000 0,000000 0,000000
76 1730248921 1,200000 -1,000000 -101,000000 0,000000 0,000000
76 1730248922 1,200000 -1,000000 -101,000000 0,000000 0,000000
76 1730248923 1,200000 -1,000000 -101,000000 0,000000 0,000000
56 1730248924 0,200000 -1,000000 -101,000000 0,000000 0,000000
56 1730248925 0,200000 -1,000000 -101,000000 0,000000 0,000000
56 1730248926 1,600000 -1,000000 -101,000000 0,000000 0,000000
56 1730248927 1,600000 -1,000000 -101,000000 0,000000 0,000000
56 1730248928 1,600000 -1,000000 -101,000000 0,000000 0,000000
76 1730248924 1,200000 -1,000000 -101,000000 0,000000 0,000000
76 1730248925 1,200000 -1,000000 -101,000000 0,000000 0,000000
76 1730248926 0,800000 -1,000000 -101,000000 0,000000 0,000000
76 1730248927 0,800000 -1,000000 -101,000000 0,000000 0,000000
76 1730248928 0,800000 -1,000000 -101,000000 0,000000 0,000000
56 1730248929 1,600000 -1,000000 -101,000000 0,000000 0,000000
56 1730248930 1,600000 -1,000000 -101,000000 0,000000 0,000000
56 1730248931 3,200000 -1,000000 -101,000000 0,000000 0,000000
56 1730248932 3,200000 -1,000000 -101,000000 0,000000 0,000000
56 1730248933 3,200000 -1,000000 -101,000000 0,000000 0,000000
76 1730248929 0,800000 -1,000000 -101,000000 0,000000 0,000000
76 1730248930 0,800000 -1,000000 -101,000000 0,000000 0,000000
76 1730248931 2,800000 -1,000000 -101,000000 0,000000 0,000000
76 1730248932 2,800000 -1,000000 -101,000000 0,000000 0,000000
76 1730248933 2,800000 -1,000000 -101,000000 0,000000 0,000000
56 1730248934 3,200000 -1,000000 -101,000000 0,000000 0,000000
56 1730248935 3,200000 -1,000000 -101,000000 0,000000 0,000000
56 1730248936 1,200000 -1,000000 -101,000000 0,000000 0,000000
56 1730248937 1,200000 -1,000000 -101,000000 0,000000 0,000000
56 1730248938 1,200000 -1,000000 -101,000000 0,000000 0,000000
76 1730248934 2,800000 -1,000000 -101,000000 0,000000 0,000000
76 1730248935 2,800000 -1,000000 -101,000000 0,000000 0,000000
76 1730248936 0,400000 -1,000000 -101,000000 0,000000 0,000000
76 1730248937 0,400000 -1,000000 -101,000000 0,000000 0,000000
76 1730248938 0,400000 -1,000000 -101,000000 0,000000 0,000000
56 1730248939 1,200000 -1,000000 -101,000000 0,000000 0,000000
56 1730248940 1,200000 -1,000000 -101,000000 0,000000 0,000000
56 1730248941 1,200000 -1,000000 -101,000000 0,000000 0,000000
56 1730248942 1,200000 -1,000000 -101,000000 0,000000 0,000000
56 1730248943 1,200000 -1,000000 -101,000000 0,000000 0,000000
76 1730248939 0,400000 -1,000000 -101,000000 0,000000 0,000000
76 1730248940 0,400000 -1,000000 -101,000000 0,000000 0,000000
76 1730248941 2,600000 -1,000000 -101,000000 0,000000 0,000000
76 1730248942 2,600000 -1,000000 -101,000000 0,000000 0,000000
76 1730248943 2,600000 -1,000000 -101,000000 0,000000 0,000000
56 1730248944 1,200000 -1,000000 -101,000000 0,000000 0,000000
56 1730248945 1,200000 -1,000000 -101,000000 0,000000 0,000000
56 1730248946 1,600000 -1,000000 -101,000000 0,000000 0,000000
56 1730248947 1,600000 -1,000000 -101,000000 0,000000 0,000000
56 1730248948 1,600000 -1,000000 -101,000000 0,000000 0,000000
76 1730248944 2,600000 -1,000000 -101,000000 0,000000 0,000000
76 1730248945 2,600000 -1,000000 -101,000000 0,000000 0,000000
76 1730248946 1,400000 -1,000000 -101,000000 0,000000 0,000000
76 1730248947 1,400000 -1,000000 -101,000000 0,000000 0,000000
76 1730248948 1,400000 -1,000000 -101,000000 0,000000 0,000000
56 1730248949 1,600000 -1,000000 -101,000000 0,000000 0,000000
56 1730248950 1,600000 -1,000000 -101,000000 0,000000 0,000000
56 1730248951 0,800000 -1,000000 -101,000000 0,000000 0,000000
56 1730248952 0,800000 -1,000000 -101,000000 0,000000 0,000000
56 1730248953 0,800000 -1,000000 -101,000000 0,000000 0,000000
76 1730248949 1,400000 -1,000000 -101,000000 0,000000 0,000000
76 1730248950 1,400000 -1,000000 -101,000000 0,000000 0,000000
76 1730248951 0,400000 -1,000000 -101,000000 0,000000 0,000000
76 1730248952 0,400000 -1,000000 -101,000000 0,000000 0,000000
76 1730248953 0,400000 -1,000000 -101,000000 0,000000 0,000000
56 1730248954 0,800000 -1,000000 -101,000000 0,000000 0,000000
56 1730248955 0,800000 -1,000000 -101,000000 0,000000 0,000000
76 1730248954 0,400000 -1,000000 -101,000000 0,000000 0,000000
76 1730248955 0,400000 -1,000000 -101,000000 0,000000 0,000000
76 1730248956 1,000000 -1,000000 -101,000000 0,000000 0,000000
76 1730248957 1,000000 -1,000000 -101,000000 0,000000 0,000000
76 1730248958 1,000000 -1,000000 -101,000000 0,000000 0,000000
76 1730248959 1,000000 -1,000000 -101,000000 0,000000 0,000000
76 1730248960 1,000000 -1,000000 -101,000000 0,000000 0,000000
56 1730248966 1,600000 -1,000000 -101,000000 0,000000 0,000000
56 1730248967 1,600000 -1,000000 -101,000000 0,000000 0,000000
56 1730248968 1,600000 -1,000000 -101,000000 0,000000 0,000000
76 1730248966 0,600000 -1,000000 -101,000000 0,000000 0,000000
76 1730248967 0,600000 -1,000000 -101,000000 0,000000 0,000000
76 1730248968 0,600000 -1,000000 -101,000000 0,000000 0,000000
56 1730248969 1,600000 -1,000000 -101,000000 0,000000 0,000000
56 1730248970 1,600000 -1,000000 -101,000000 0,000000 0,000000
76 1730248969 0,600000 -1,000000 -101,000000 0,000000 0,000000
76 1730248970 0,600000 -1,000000 -101,000000 0,000000 0,000000
76 1730249033 2,000000 -1,000000 2,000000 2,000000 0,800000
76 1730249032 2,000000 -1,000000 2,000000 2,000000 0,800000
76 1730249031 2,000000 -1,000000 2,000000 2,000000 0,800000
76 1730249025 7,600000 -1,000000 7,600000 7,600000 11,552000
76 1730249024 7,600000 -1,000000 7,600000 7,600000 11,552000
76 1730249023 7,600000 -1,000000 7,600000 7,600000 11,552000
76 1730249022 7,600000 -1,000000 7,600000 7,600000 11,552000
76 1730249021 7,600000 -1,000000 7,600000 7,600000 11,552000
76 1730249020 0,600000 -1,000000 0,600000 0,600000 0,072000
76 1730249019 0,600000 -1,000000 0,600000 0,600000 0,072000
76 1730249018 0,600000 -1,000000 0,600000 0,600000 0,072000
76 1730249017 0,600000 -1,000000 0,600000 0,600000 0,072000
76 1730249016 0,600000 -1,000000 0,600000 0,600000 0,072000
76 1730249015 0,800000 -1,000000 0,800000 0,800000 0,128000
76 1730249014 0,800000 -1,000000 0,800000 0,800000 0,128000
76 1730249013 0,800000 -1,000000 0,800000 0,800000 0,128000
76 1730249012 0,800000 -1,000000 0,800000 0,800000 0,128000
76 1730249011 0,800000 -1,000000 0,800000 0,800000 0,128000
76 1730249010 2,000000 -1,000000 2,000000 2,000000 0,800000
76 1730249009 2,000000 -1,000000 2,000000 2,000000 0,800000
76 1730249008 2,000000 -1,000000 2,000000 2,000000 0,800000
76 1730249007 2,000000 -1,000000 2,000000 2,000000 0,800000
76 1730249006 2,000000 -1,000000 2,000000 2,000000 0,800000
76 1730249005 2,000000 -1,000000 2,000000 2,000000 0,800000
76 1730249004 2,000000 -1,000000 2,000000 2,000000 0,800000
76 1730249003 2,000000 -1,000000 2,000000 2,000000 0,800000
76 1730249002 2,000000 -1,000000 2,000000 2,000000 0,800000
76 1730249001 2,000000 -1,000000 2,000000 2,000000 0,800000
76 1730249000 0,800000 -1,000000 0,800000 0,800000 0,128000
76 1730248999 0,800000 -1,000000 0,800000 0,800000 0,128000
76 1730248998 0,800000 -1,000000 0,800000 0,800000 0,128000
76 1730248997 0,800000 -1,000000 0,800000 0,800000 0,128000
76 1730248996 0,800000 -1,000000 0,800000 0,800000 0,128000
76 1730248995 0,600000 -1,000000 0,600000 0,600000 0,072000
76 1730248994 0,600000 -1,000000 0,600000 0,600000 0,072000
76 1730248993 0,600000 -1,000000 0,600000 0,600000 0,072000
76 1730248992 0,600000 -1,000000 0,600000 0,600000 0,072000
76 1730248991 0,600000 -1,000000 0,600000 0,600000 0,072000
76 1730248990 1,800000 -1,000000 1,800000 1,800000 0,648000
76 1730248989 1,800000 -1,000000 1,800000 1,800000 0,648000
76 1730248988 1,800000 -1,000000 1,800000 1,800000 0,648000
76 1730248987 1,800000 -1,000000 1,800000 1,800000 0,648000
76 1730248986 1,800000 -1,000000 1,800000 1,800000 0,648000
76 1730248985 1,000000 -1,000000 1,000000 1,000000 0,200000
76 1730248984 1,000000 -1,000000 1,000000 1,000000 0,200000
76 1730248983 1,000000 -1,000000 1,000000 1,000000 0,200000
76 1730248982 1,000000 -1,000000 1,000000 1,000000 0,200000
76 1730248981 1,000000 -1,000000 1,000000 1,000000 0,200000
76 1730248980 1,200000 -1,000000 1,200000 1,200000 0,288000
76 1730248979 1,200000 -1,000000 1,200000 1,200000 0,288000
76 1730248978 1,200000 -1,000000 1,200000 1,200000 0,288000
76 1730248977 1,200000 -1,000000 1,200000 1,200000 0,288000
76 1730248976 1,200000 -1,000000 1,200000 1,200000 0,288000
76 1730248975 2,000000 -1,000000 2,000000 2,000000 0,800000
76 1730248974 2,000000 -1,000000 2,000000 2,000000 0,800000
76 1730248973 2,000000 -1,000000 2,000000 2,000000 0,800000
76 1730248972 2,000000 -1,000000 2,000000 2,000000 0,800000
76 1730248971 2,000000 -1,000000 2,000000 2,000000 0,800000
56 1730249033 1,000000 -1,000000 1,000000 1,000000 0,200000
56 1730249032 1,000000 -1,000000 1,000000 1,000000 0,200000
56 1730249031 1,000000 -1,000000 1,000000 1,000000 0,200000
56 1730249030 0,200000 -1,000000 0,200000 0,200000 0,008000
56 1730249029 0,200000 -1,000000 0,200000 0,200000 0,008000
56 1730249028 0,200000 -1,000000 0,200000 0,200000 0,008000
56 1730249027 0,200000 -1,000000 0,200000 0,200000 0,008000
56 1730249026 0,200000 -1,000000 0,200000 0,200000 0,008000
56 1730249025 0,200000 -1,000000 0,200000 0,200000 0,008000
56 1730249024 0,200000 -1,000000 0,200000 0,200000 0,008000
56 1730249023 0,200000 -1,000000 0,200000 0,200000 0,008000
56 1730249022 0,200000 -1,000000 0,200000 0,200000 0,008000
56 1730249021 0,200000 -1,000000 0,200000 0,200000 0,008000
56 1730249020 1,000000 -1,000000 1,000000 1,000000 0,200000
56 1730249019 1,000000 -1,000000 1,000000 1,000000 0,200000
56 1730249018 1,000000 -1,000000 1,000000 1,000000 0,200000
56 1730249017 1,000000 -1,000000 1,000000 1,000000 0,200000
56 1730249016 1,000000 -1,000000 1,000000 1,000000 0,200000
56 1730249015 2,200000 -1,000000 2,200000 2,200000 0,968000
56 1730249014 2,200000 -1,000000 2,200000 2,200000 0,968000
56 1730249013 2,200000 -1,000000 2,200000 2,200000 0,968000
56 1730249012 2,200000 -1,000000 2,200000 2,200000 0,968000
56 1730249011 2,200000 -1,000000 2,200000 2,200000 0,968000
56 1730249010 2,200000 -1,000000 2,200000 2,200000 0,968000
56 1730249009 2,200000 -1,000000 2,200000 2,200000 0,968000
56 1730249008 2,200000 -1,000000 2,200000 2,200000 0,968000
56 1730249007 2,200000 -1,000000 2,200000 2,200000 0,968000
56 1730249006 2,200000 -1,000000 2,200000 2,200000 0,968000
56 1730249005 0,400000 -1,000000 0,400000 0,400000 0,032000
56 1730249004 0,400000 -1,000000 0,400000 0,400000 0,032000
56 1730249003 0,400000 -1,000000 0,400000 0,400000 0,032000
56 1730249002 0,400000 -1,000000 0,400000 0,400000 0,032000
56 1730249001 0,400000 -1,000000 0,400000 0,400000 0,032000
56 1730249000 0,200000 -1,000000 0,200000 0,200000 0,008000
56 1730248999 0,200000 -1,000000 0,200000 0,200000 0,008000
56 1730248998 0,200000 -1,000000 0,200000 0,200000 0,008000
56 1730248997 0,200000 -1,000000 0,200000 0,200000 0,008000
56 1730248996 0,200000 -1,000000 0,200000 0,200000 0,008000
56 1730248995 1,400000 -1,000000 1,400000 1,400000 0,392000
56 1730248994 1,400000 -1,000000 1,400000 1,400000 0,392000
56 1730248993 1,400000 -1,000000 1,400000 1,400000 0,392000
56 1730248992 1,400000 -1,000000 1,400000 1,400000 0,392000
56 1730248991 1,400000 -1,000000 1,400000 1,400000 0,392000
56 1730248990 2,200000 -1,000000 2,200000 2,200000 0,968000
56 1730248989 2,200000 -1,000000 2,200000 2,200000 0,968000
56 1730248988 2,200000 -1,000000 2,200000 2,200000 0,968000
56 1730248987 2,200000 -1,000000 2,200000 2,200000 0,968000
56 1730248986 2,200000 -1,000000 2,200000 2,200000 0,968000
56 1730248985 2,200000 -1,000000 2,200000 2,200000 0,968000
56 1730248984 2,200000 -1,000000 2,200000 2,200000 0,968000
56 1730248983 2,200000 -1,000000 2,200000 2,200000 0,968000
56 1730248982 2,200000 -1,000000 2,200000 2,200000 0,968000
56 1730248981 2,200000 -1,000000 2,200000 2,200000 0,968000
56 1730248975 2,000000 -1,000000 2,000000 2,000000 0,800000
56 1730248974 2,000000 -1,000000 2,000000 2,000000 0,800000
56 1730248973 2,000000 -1,000000 2,000000 2,000000 0,800000
56 1730248972 2,000000 -1,000000 2,000000 2,000000 0,800000
56 1730248971 2,000000 -1,000000 2,000000 2,000000 0,800000
