66 1730248677 0,000000 0,000000 -101,000000 0,000000 0,000000
66 1730248678 0,000000 0,000000 -101,000000 0,000000 0,000000
66 1730248679 0,000000 0,000000 -101,000000 0,000000 0,000000
66 1730248680 0,000000 0,000000 -101,000000 0,000000 0,000000
66 1730248681 6,000000 0,200000 1,200000 1,200000 -20,200000
66 1730248682 6,000000 0,200000 2,400000 2,400000 -20,200000
66 1730248683 6,000000 0,200000 3,600000 3,600000 -20,200000
66 1730248684 6,000000 0,200000 4,800000 4,800000 -20,200000
66 1730248685 6,000000 0,200000 6,000000 6,000000 -20,200000
66 1730248686 3,000000 0,400000 7,200000 7,200000 -20,200000
66 1730248687 3,000000 0,400000 8,400000 8,400000 -20,200000
66 1730248688 3,000000 0,400000 9,600000 9,600000 -20,200000
66 1730248689 3,000000 0,400000 10,800000 10,800000 -20,200000
66 1730248690 3,000000 0,400000 12,000000 12,000000 -20,200000
66 1730248691 0,500000 0,800000 12,400000 12,400000 -20,200000
66 1730248692 0,500000 0,800000 12,800000 12,800000 -20,200000
66 1730248693 0,500000 0,800000 13,200000 13,200000 -20,200000
66 1730248694 0,500000 0,800000 13,600000 13,600000 -20,200000
66 1730248695 0,500000 0,800000 14,000000 14,000000 -20,200000
66 1730248696 0,285714 1,400000 14,400000 14,400000 -20,200000
66 1730248697 0,285714 1,400000 14,800000 14,800000 -20,200000
66 1730248698 0,285714 1,400000 15,200000 15,200000 -20,200000
66 1730248699 0,285714 1,400000 15,600000 15,600000 -20,200000
66 1730248700 0,285714 1,400000 16,000000 16,000000 -20,200000
66 1730248701 0,666667 1,800000 17,200000 17,200000 -20,200000
66 1730248702 0,666667 1,800000 18,400000 18,400000 -20,200000
66 1730248703 0,666667 1,800000 19,600000 19,600000 -20,200000
66 1730248704 0,666667 1,800000 20,800000 20,800000 -20,200000
66 1730248705 0,666667 1,800000 22,000000 22,000000 -20,200000
66 1730248706 0,500000 2,400000 23,200000 23,200000 -20,200000
66 1730248707 0,500000 2,400000 24,400000 24,400000 -20,200000
66 1730248708 0,500000 2,400000 25,600000 25,600000 -20,200000
66 1730248709 0,500000 2,400000 26,800000 26,800000 -20,200000
66 1730248710 0,500000 2,400000 28,000000 28,000000 -20,200000
66 1730248711 -0,062500 3,200000 27,800000 27,800000 -20,200000
66 1730248712 -0,062500 3,200000 27,600000 27,600000 -20,200000
66 1730248713 -0,062500 3,200000 27,400000 27,400000 -20,200000
66 1730248714 -0,062500 3,200000 27,200000 27,200000 -20,200000
66 1730248715 -0,062500 3,200000 27,000000 27,000000 -20,200000
66 1730248716 0,105263 3,800000 27,400000 27,400000 -20,200000
66 1730248717 0,105263 3,800000 27,800000 27,800000 -20,200000
66 1730248718 0,105263 3,800000 28,200000 28,200000 -20,200000
66 1730248719 0,105263 3,800000 28,600000 28,600000 -20,200000
66 1730248720 0,105263 3,800000 29,000000 29,000000 -20,200000
66 1730248721 0,363636 4,400000 30,600000 30,600000 -20,200000
66 1730248722 0,363636 4,400000 32,200000 32,200000 -20,200000
66 1730248723 0,363636 4,400000 33,800000 33,800000 -20,200000
66 1730248724 0,363636 4,400000 35,400000 35,400000 -20,200000
66 1730248725 0,363636 4,400000 37,000000 37,000000 -20,200000
66 1730248726 0,280000 5,000000 38,400000 38,400000 -20,200000
66 1730248727 0,280000 5,000000 39,800000 39,800000 -20,200000
66 1730248728 0,280000 5,000000 41,200000 41,200000 -20,200000
66 1730248729 0,280000 5,000000 42,600000 42,600000 -20,200000
66 1730248730 0,280000 5,000000 44,000000 44,000000 -20,200000
66 1730248731 -0,259259 5,400000 42,600000 42,600000 -20,200000
66 1730248732 -0,259259 5,400000 41,200000 41,200000 -20,200000
66 1730248733 -0,259259 5,400000 39,800000 39,800000 -20,200000
66 1730248734 -0,259259 5,400000 38,400000 38,400000 -20,200000
66 1730248735 -0,259259 5,400000 37,000000 37,000000 -20,200000
66 1730248736 -0,137931 5,800000 36,200000 36,200000 -20,200000
66 1730248737 -0,137931 5,800000 35,400000 35,400000 -20,200000
66 1730248738 -0,137931 5,800000 34,600000 34,600000 -20,200000
66 1730248739 -0,137931 5,800000 33,800000 33,800000 -20,200000
66 1730248740 -0,137931 5,800000 33,000000 33,000000 -20,200000
66 1730248741 0,218750 6,400000 34,400000 34,400000 -20,200000
66 1730248742 0,218750 6,400000 35,800000 35,800000 -20,200000
66 1730248743 0,218750 6,400000 37,200000 37,200000 -20,200000
66 1730248744 0,218750 6,400000 38,600000 38,600000 -20,200000
66 1730248745 0,218750 6,400000 40,000000 40,000000 -20,200000
66 1730248746 0,000000 7,000000 40,000000 40,000000 -20,200000
66 1730248747 0,000000 7,000000 40,000000 40,000000 -20,200000
66 1730248748 0,000000 7,000000 40,000000 40,000000 -20,200000
66 1730248749 0,000000 7,000000 40,000000 40,000000 -20,200000
66 1730248750 0,000000 7,000000 40,000000 40,000000 -20,200000
66 1730248751 -0,083333 7,200000 39,400000 39,400000 -20,200000
66 1730248752 -0,083333 7,200000 38,800000 38,800000 -20,200000
66 1730248753 -0,083333 7,200000 38,200000 38,200000 -20,200000
66 1730248754 -0,083333 7,200000 37,600000 37,600000 -20,200000
66 1730248755 -0,083333 7,200000 37,000000 37,000000 -20,200000
66 1730248756 -0,025641 7,800000 36,800000 36,800000 -20,200000
66 1730248757 -0,025641 7,800000 36,600000 36,600000 -20,200000
66 1730248758 -0,025641 7,800000 36,400000 36,400000 -20,200000
66 1730248759 -0,025641 7,800000 36,200000 36,200000 -20,200000
66 1730248760 -0,025641 7,800000 36,000000 36,000000 -20,200000
66 1730248761 0,095238 8,400000 36,800000 36,800000 -20,200000
66 1730248762 0,095238 8,400000 37,600000 37,600000 -20,200000
66 1730248763 0,095238 8,400000 38,400000 38,400000 -20,200000
66 1730248764 0,095238 8,400000 39,200000 39,200000 -20,200000
66 1730248765 0,095238 8,400000 40,000000 40,000000 -20,200000
66 1730248766 -0,022727 8,800000 39,800000 39,800000 -20,200000
66 1730248767 -0,022727 8,800000 39,600000 39,600000 -20,200000
66 1730248768 -0,022727 8,800000 39,400000 39,400000 -20,200000
66 1730248769 -0,022727 8,800000 39,200000 39,200000 -20,200000
66 1730248770 -0,022727 8,800000 39,000000 39,000000 -20,200000
66 1730248771 -0,111111 9,000000 38,000000 38,000000 -20,200000
66 1730248772 -0,111111 9,000000 37,000000 37,000000 -20,200000
66 1730248773 -0,111111 9,000000 36,000000 36,000000 -20,200000
66 1730248774 -0,111111 9,000000 35,000000 35,000000 -20,200000
66 1730248775 -0,111111 9,000000 34,000000 34,000000 -20,200000
66 1730248776 0,000000 9,000000 34,000000 34,000000 -20,200000
66 1730248777 0,000000 9,000000 34,000000 34,000000 -20,200000
66 1730248778 0,000000 9,000000 34,000000 34,000000 -20,200000
66 1730248779 0,000000 9,000000 34,000000 34,000000 -20,200000
66 1730248780 0,000000 9,000000 34,000000 34,000000 -20,200000
66 1730248781 0,104167 9,600000 35,000000 35,000000 -20,200000
66 1730248782 0,104167 9,600000 36,000000 36,000000 -20,200000
66 1730248783 0,104167 9,600000 37,000000 37,000000 -20,200000
66 1730248784 0,104167 9,600000 38,000000 38,000000 -20,200000
66 1730248785 0,104167 9,600000 39,000000 39,000000 -20,200000
66 1730248786 -0,020000 10,000000 38,800000 38,800000 -20,200000
66 1730248787 -0,020000 10,000000 38,600000 38,600000 -20,200000
66 1730248788 -0,020000 10,000000 38,400000 38,400000 -20,200000
66 1730248789 -0,020000 10,000000 38,200000 38,200000 -20,200000
66 1730248790 -0,020000 10,000000 38,000000 38,000000 -20,200000
66 1730248791 -0,056604 10,600000 37,400000 37,400000 -20,200000
66 1730248792 -0,056604 10,600000 36,800000 36,800000 -20,200000
66 1730248793 -0,056604 10,600000 36,200000 36,200000 -20,200000
66 1730248794 -0,056604 10,600000 35,600000 35,600000 -20,200000
66 1730248795 -0,056604 10,600000 35,000000 35,000000 -20,200000
66 1730248796 -0,018182 11,000000 34,800000 34,800000 -20,200000
66 1730248797 -0,018182 11,000000 34,600000 34,600000 -20,200000
66 1730248798 -0,018182 11,000000 34,400000 34,400000 -20,200000
66 1730248799 -0,018182 11,000000 34,200000 34,200000 -20,200000
66 1730248800 -0,018182 11,000000 34,000000 34,000000 -20,200000
66 1730248801 -0,050847 11,800000 33,400000 33,400000 -20,200000
66 1730248802 -0,050847 11,800000 32,800000 32,800000 -20,200000
66 1730248803 -0,050847 11,800000 32,200000 32,200000 -20,200000
66 1730248804 -0,050847 11,800000 31,600000 31,600000 -20,200000
66 1730248805 -0,050847 11,800000 31,000000 31,000000 -20,200000
66 1730248806 0,142857 12,600000 32,800000 32,800000 -20,200000
66 1730248807 0,142857 12,600000 34,600000 34,600000 -20,200000
66 1730248808 0,142857 12,600000 36,400000 36,400000 -20,200000
66 1730248809 0,142857 12,600000 38,200000 38,200000 -20,200000
66 1730248810 0,142857 12,600000 40,000000 40,000000 -20,200000
66 1730248811 0,000000 12,600000 40,000000 40,000000 -20,200000
66 1730248812 0,000000 12,600000 40,000000 40,000000 -20,200000
66 1730248813 0,000000 12,600000 40,000000 40,000000 -20,200000
66 1730248814 0,000000 12,600000 40,000000 40,000000 -20,200000
66 1730248815 0,000000 12,600000 40,000000 40,000000 -20,200000
66 1730248816 -0,123077 13,000000 38,400000 38,400000 -20,200000
66 1730248817 -0,123077 13,000000 36,800000 36,800000 -20,200000
66 1730248818 -0,123077 13,000000 35,200000 35,200000 -20,200000
66 1730248819 -0,123077 13,000000 33,600000 33,600000 -20,200000
66 1730248820 -0,123077 13,000000 32,000000 32,000000 -20,200000
66 1730248821 -0,058824 13,600000 31,200000 31,200000 -20,200000
66 1730248822 -0,058824 13,600000 30,400000 30,400000 -20,200000
66 1730248823 -0,058824 13,600000 29,600000 29,600000 -20,200000
66 1730248824 -0,058824 13,600000 28,800000 28,800000 -20,200000
66 1730248825 -0,058824 13,600000 28,000000 28,000000 -20,200000
66 1730248826 0,111111 14,400000 29,600000 29,600000 -20,200000
66 1730248827 0,111111 14,400000 31,200000 31,200000 -20,200000
66 1730248828 0,111111 14,400000 32,800000 32,800000 -20,200000
66 1730248829 0,111111 14,400000 34,400000 34,400000 -20,200000
66 1730248830 0,111111 14,400000 36,000000 36,000000 -20,200000
66 1730248831 0,027027 14,800000 36,400000 36,400000 -20,200000
66 1730248832 0,027027 14,800000 36,800000 36,800000 -20,200000
66 1730248833 0,027027 14,800000 37,200000 37,200000 -20,200000
66 1730248834 0,027027 14,800000 37,600000 37,600000 -20,200000
66 1730248835 0,027027 14,800000 38,000000 38,000000 -20,200000
66 1730248836 -0,131579 15,200000 36,000000 36,000000 -20,200000
66 1730248837 -0,131579 15,200000 34,000000 34,000000 -20,200000
66 1730248838 -0,131579 15,200000 32,000000 32,000000 -20,200000
66 1730248839 -0,131579 15,200000 30,000000 30,000000 -20,200000
66 1730248840 -0,131579 15,200000 28,000000 28,000000 -20,200000
66 1730248841 0,064103 15,600000 29,000000 29,000000 -20,200000
66 1730248842 0,064103 15,600000 30,000000 30,000000 -20,200000
66 1730248843 0,064103 15,600000 31,000000 31,000000 -20,200000
66 1730248844 0,064103 15,600000 32,000000 32,000000 -20,200000
66 1730248845 0,064103 15,600000 33,000000 33,000000 -20,200000
66 1730248846 0,074074 16,200000 34,200000 34,200000 -20,200000
66 1730248847 0,074074 16,200000 35,400000 35,400000 -20,200000
66 1730248848 0,074074 16,200000 36,600000 36,600000 -20,200000
66 1730248849 0,074074 16,200000 37,800000 37,800000 -20,200000
66 1730248850 0,074074 16,200000 39,000000 39,000000 -20,200000
66 1730248851 -0,036585 16,400000 38,400000 38,400000 -20,200000
66 1730248852 -0,036585 16,400000 37,800000 37,800000 -20,200000
66 1730248853 -0,036585 16,400000 37,200000 37,200000 -20,200000
66 1730248854 -0,036585 16,400000 36,600000 36,600000 -20,200000
66 1730248855 -0,036585 16,400000 36,000000 36,000000 -20,200000
66 1730248856 -0,035294 17,000000 35,400000 35,400000 -20,200000
66 1730248857 -0,035294 17,000000 34,800000 34,800000 -20,200000
66 1730248858 -0,035294 17,000000 34,200000 34,200000 -20,200000
66 1730248859 -0,035294 17,000000 33,600000 33,600000 -20,200000
66 1730248860 -0,035294 17,000000 33,000000 33,000000 -20,200000
66 1730248861 -0,011494 17,400000 32,800000 32,800000 -20,200000
66 1730248862 -0,011494 17,400000 32,600000 32,600000 -20,200000
66 1730248863 -0,011494 17,400000 32,400000 32,400000 -20,200000
66 1730248864 -0,011494 17,400000 32,200000 32,200000 -20,200000
66 1730248865 -0,011494 17,400000 32,000000 32,000000 -20,200000
66 1730248866 0,033333 18,000000 32,600000 32,600000 -20,200000
66 1730248867 0,033333 18,000000 33,200000 33,200000 -20,200000
66 1730248868 0,033333 18,000000 33,800000 33,800000 -20,200000
66 1730248869 0,033333 18,000000 34,400000 34,400000 -20,200000
66 1730248870 0,033333 18,000000 35,000000 35,000000 -20,200000
66 1730248871 0,032967 18,200000 35,600000 35,600000 -20,200000
66 1730248872 0,032967 18,200000 36,200000 36,200000 -20,200000
66 1730248873 0,032967 18,200000 36,800000 36,800000 -20,200000
66 1730248874 0,032967 18,200000 37,400000 37,400000 -20,200000
66 1730248875 0,032967 18,200000 38,000000 38,000000 -20,200000
66 1730248876 -0,053763 18,600000 37,000000 37,000000 -20,200000
66 1730248877 -0,053763 18,600000 36,000000 36,000000 -20,200000
66 1730248878 -0,053763 18,600000 35,000000 35,000000 -20,200000
66 1730248879 -0,053763 18,600000 34,000000 34,000000 -20,200000
66 1730248880 -0,053763 18,600000 33,000000 33,000000 -20,200000
66 1730248881 0,000000 18,600000 33,000000 33,000000 -20,200000
66 1730248882 0,000000 18,600000 33,000000 33,000000 -20,200000
66 1730248883 0,000000 18,600000 33,000000 33,000000 -20,200000
66 1730248884 0,000000 18,600000 33,000000 33,000000 -20,200000
66 1730248885 0,000000 18,600000 33,000000 33,000000 -20,200000
66 1730248886 0,081633 19,600000 34,600000 34,600000 -20,200000
66 1730248887 0,081633 19,600000 36,200000 36,200000 -20,200000
66 1730248888 0,081633 19,600000 37,800000 37,800000 -20,200000
66 1730248889 0,081633 19,600000 39,400000 39,400000 -20,200000
66 1730248890 0,081633 19,600000 41,000000 41,000000 -20,200000
66 1730248891 0,000000 19,600000 41,000000 41,000000 -20,200000
66 1730248892 0,000000 19,600000 41,000000 41,000000 -20,200000
66 1730248893 0,000000 19,600000 41,000000 41,000000 -20,200000
66 1730248894 0,000000 19,600000 41,000000 41,000000 -20,200000
66 1730248895 0,000000 19,600000 41,000000 41,000000 -20,200000
66 1730248896 -0,039604 20,200000 40,200000 40,200000 -20,200000
66 1730248897 -0,039604 20,200000 39,400000 39,400000 -20,200000
66 1730248898 -0,039604 20,200000 38,600000 38,600000 -20,200000
66 1730248899 -0,039604 20,200000 37,800000 37,800000 -20,200000
66 1730248900 -0,039604 20,200000 37,000000 37,000000 -20,200000
66 1730248901 -0,076190 21,000000 35,400000 35,400000 -20,200000
66 1730248902 -0,076190 21,000000 33,800000 33,800000 -20,200000
66 1730248903 -0,076190 21,000000 32,200000 32,200000 -20,200000
66 1730248904 -0,076190 21,000000 30,600000 30,600000 -20,200000
66 1730248905 -0,076190 21,000000 29,000000 29,000000 -20,200000
66 1730248906 0,063063 22,200000 30,400000 30,400000 -20,200000
66 1730248907 0,063063 22,200000 31,800000 31,800000 -20,200000
66 1730248908 0,063063 22,200000 33,200000 33,200000 -20,200000
66 1730248909 0,063063 22,200000 34,600000 34,600000 -20,200000
66 1730248910 0,063063 22,200000 36,000000 36,000000 -20,200000
66 1730248911 0,000000 22,600000 36,000000 36,000000 -20,200000
66 1730248912 0,000000 22,600000 36,000000 36,000000 -20,200000
66 1730248913 0,000000 22,600000 36,000000 36,000000 -20,200000
66 1730248914 0,000000 22,600000 36,000000 36,000000 -20,200000
66 1730248915 0,000000 22,600000 36,000000 36,000000 -20,200000
66 1730248916 -0,026087 23,000000 35,400000 35,400000 -20,200000
66 1730248917 -0,026087 23,000000 34,800000 34,800000 -20,200000
66 1730248918 -0,026087 23,000000 34,200000 34,200000 -20,200000
66 1730248919 -0,026087 23,000000 33,600000 33,600000 -20,200000
66 1730248920 -0,026087 23,000000 33,000000 33,000000 -20,200000
66 1730248921 -0,043103 23,200000 32,000000 32,000000 -20,200000
66 1730248922 -0,043103 23,200000 31,000000 31,000000 -20,200000
66 1730248923 -0,043103 23,200000 30,000000 30,000000 -20,200000
66 1730248924 -0,043103 23,200000 29,000000 29,000000 -20,200000
66 1730248925 -0,043103 23,200000 28,000000 28,000000 -20,200000
66 1730248926 0,033613 23,800000 28,800000 28,800000 -20,200000
66 1730248927 0,033613 23,800000 29,600000 29,600000 -20,200000
66 1730248928 0,033613 23,800000 30,400000 30,400000 -20,200000
66 1730248929 0,033613 23,800000 31,200000 31,200000 -20,200000
66 1730248930 0,033613 23,800000 32,000000 32,000000 -20,200000
66 1730248931 0,016260 24,600000 32,400000 32,400000 -20,200000
66 1730248932 0,016260 24,600000 32,800000 32,800000 -20,200000
66 1730248933 0,016260 24,600000 33,200000 33,200000 -20,200000
66 1730248934 0,016260 24,600000 33,600000 33,600000 -20,200000
66 1730248935 0,016260 24,600000 34,000000 34,000000 -20,200000
66 1730248936 0,032258 24,800000 34,800000 34,800000 -20,200000
66 1730248937 0,032258 24,800000 35,600000 35,600000 -20,200000
66 1730248938 0,032258 24,800000 36,400000 36,400000 -20,200000
66 1730248939 0,032258 24,800000 37,200000 37,200000 -20,200000
66 1730248940 0,032258 24,800000 38,000000 38,000000 -20,200000
66 1730248941 -0,055118 25,400000 36,600000 36,600000 -20,200000
66 1730248942 -0,055118 25,400000 35,200000 35,200000 -20,200000
66 1730248943 -0,055118 25,400000 33,800000 33,800000 -20,200000
66 1730248944 -0,055118 25,400000 32,400000 32,400000 -20,200000
66 1730248945 -0,055118 25,400000 31,000000 31,000000 -20,200000
66 1730248946 0,007692 26,000000 31,200000 31,200000 -20,200000
66 1730248947 0,007692 26,000000 31,400000 31,400000 -20,200000
66 1730248948 0,007692 26,000000 31,600000 31,600000 -20,200000
66 1730248949 0,007692 26,000000 31,800000 31,800000 -20,200000
66 1730248950 0,007692 26,000000 32,000000 32,000000 -20,200000
66 1730248951 0,015038 26,600000 32,400000 32,400000 -20,200000
66 1730248952 0,015038 26,600000 32,800000 32,800000 -20,200000
66 1730248953 0,015038 26,600000 33,200000 33,200000 -20,200000
66 1730248954 0,015038 26,600000 33,600000 33,600000 -20,200000
66 1730248955 0,015038 26,600000 34,000000 34,000000 -20,200000
66 1730248956 -0,037313 26,800000 33,000000 33,000000 -20,200000
66 1730248957 -0,037313 26,800000 32,000000 32,000000 -20,200000
66 1730248958 -0,037313 26,800000 31,000000 31,000000 -20,200000
66 1730248959 -0,037313 26,800000 30,000000 30,000000 -20,200000
66 1730248960 -0,037313 26,800000 29,000000 29,000000 -20,200000
66 1730248961 0,000000 26,800000 29,000000 29,000000 -20,200000
66 1730248962 0,000000 26,800000 29,000000 29,000000 -20,200000
66 1730248963 0,000000 26,800000 29,000000 29,000000 -20,200000
66 1730248964 0,000000 26,800000 29,000000 29,000000 -20,200000
66 1730248965 0,000000 26,800000 29,000000 29,000000 -20,200000
66 1730248966 0,036496 27,400000 30,000000 30,000000 -20,200000
66 1730248967 0,036496 27,400000 31,000000 31,000000 -20,200000
66 1730248968 0,036496 27,400000 32,000000 32,000000 -20,200000
66 1730248969 0,036496 27,400000 33,000000 33,000000 -20,200000
66 1730248970 0,036496 27,400000 34,000000 34,000000 -20,200000
66 1730248971 0,000000 27,800000 34,000000 34,000000 -20,200000
66 1730249033 -3,000000 0,333333 0,000000 0,000000 3400,666667
66 1730249032 -3,000000 0,333333 1,000000 1,000000 3400,666667
66 1730249031 -3,000000 0,333333 2,000000 2,000000 3400,666667
66 1730249030 1,000000 0,200000 3,000000 3,000000 2040,208000
66 1730249029 1,000000 0,200000 2,800000 2,800000 2040,208000
66 1730249028 1,000000 0,200000 2,600000 2,600000 2040,208000
66 1730249027 1,000000 0,200000 2,400000 2,400000 2040,208000
66 1730249026 1,000000 0,200000 2,200000 2,200000 2040,208000
66 1730249025 -37,000000 0,200000 2,000000 2,000000 2051,152000
66 1730249024 -37,000000 0,200000 9,400000 9,400000 2051,152000
66 1730249023 -37,000000 0,200000 16,800000 16,800000 2051,152000
66 1730249022 -37,000000 0,200000 24,200000 24,200000 2051,152000
66 1730249021 -37,000000 0,200000 31,600000 31,600000 2051,152000
66 1730249020 2,000000 0,200000 39,000000 39,000000 2040,232000
66 1730249019 2,000000 0,200000 38,600000 38,600000 2040,232000
66 1730249018 2,000000 0,200000 38,200000 38,200000 2040,232000
66 1730249017 2,000000 0,200000 37,800000 37,800000 2040,232000
66 1730249016 2,000000 0,200000 37,400000 37,400000 2040,232000
66 1730249015 7,000000 0,200000 37,000000 37,000000 2040,592000
66 1730249014 7,000000 0,200000 35,600000 35,600000 2040,592000
66 1730249013 7,000000 0,200000 34,200000 34,200000 2040,592000
66 1730249012 7,000000 0,200000 32,800000 32,800000 2040,592000
66 1730249011 7,000000 0,200000 31,400000 31,400000 2040,592000
66 1730249010 1,000000 0,200000 30,000000 30,000000 2040,208000
66 1730249009 1,000000 0,200000 29,800000 29,800000 2040,208000
66 1730249008 1,000000 0,200000 29,600000 29,600000 2040,208000
66 1730249007 1,000000 0,200000 29,400000 29,400000 2040,208000
66 1730249006 1,000000 0,200000 29,200000 29,200000 2040,208000
66 1730249005 -8,000000 0,200000 29,000000 29,000000 2040,712000
66 1730249004 -8,000000 0,200000 30,600000 30,600000 2040,712000
66 1730249003 -8,000000 0,200000 32,200000 32,200000 2040,712000
66 1730249002 -8,000000 0,200000 33,800000 33,800000 2040,712000
66 1730249001 -8,000000 0,200000 35,400000 35,400000 2040,712000
66 1730249000 -3,000000 0,200000 37,000000 37,000000 2040,272000
66 1730248999 -3,000000 0,200000 37,600000 37,600000 2040,272000
66 1730248998 -3,000000 0,200000 38,200000 38,200000 2040,272000
66 1730248997 -3,000000 0,200000 38,800000 38,800000 2040,272000
66 1730248996 -3,000000 0,200000 39,400000 39,400000 2040,272000
66 1730248995 4,000000 0,200000 40,000000 40,000000 2040,328000
66 1730248994 4,000000 0,200000 39,200000 39,200000 2040,328000
66 1730248993 4,000000 0,200000 38,400000 38,400000 2040,328000
66 1730248992 4,000000 0,200000 37,600000 37,600000 2040,328000
66 1730248991 4,000000 0,200000 36,800000 36,800000 2040,328000
66 1730248990 2,000000 0,200000 36,000000 36,000000 2040,232000
66 1730248989 2,000000 0,200000 35,600000 35,600000 2040,232000
66 1730248988 2,000000 0,200000 35,200000 35,200000 2040,232000
66 1730248987 2,000000 0,200000 34,800000 34,800000 2040,232000
66 1730248986 2,000000 0,200000 34,400000 34,400000 2040,232000
66 1730248985 6,000000 0,200000 34,000000 34,000000 2040,488000
66 1730248984 6,000000 0,200000 32,800000 32,800000 2040,488000
66 1730248983 6,000000 0,200000 31,600000 31,600000 2040,488000
66 1730248982 6,000000 0,200000 30,400000 30,400000 2040,488000
66 1730248981 6,000000 0,200000 29,200000 29,200000 2040,488000
66 1730248980 -6,000000 0,200000 28,000000 28,000000 2040,488000
66 1730248979 -6,000000 0,200000 29,200000 29,200000 2040,488000
66 1730248978 -6,000000 0,200000 30,400000 30,400000 2040,488000
66 1730248977 -6,000000 0,200000 31,600000 31,600000 2040,488000
66 1730248976 -6,000000 0,200000 32,800000 32,800000 2040,488000
66 1730248975 0,000000 0,200000 34,000000 34,000000 2040,200000
66 1730248974 0,000000 0,200000 34,000000 34,000000 2040,200000
66 1730248973 0,000000 0,200000 34,000000 34,000000 2040,200000
66 1730248972 0,000000 0,200000 34,000000 34,000000 2040,200000
